ΝΥ· e 889

1001011101011 0111101 1000111. 1111100101, 1. 461. Zingerle 2, 5. Von-
bnn nr. 78, 81001103 0. 296. ll. lokenes, 1101001111. Ρ15110 01. 15.
1010 0. 125. 3011001 1, 488. 2, 480. 80111101 01. 63. Anderson 2, 43.
111010134. ,4111510000 01. 53. 8011010101 e. 124. 10011100 und 81113-
11100, 1110010010 1011010101 und 01110100 1882 0. 483. 574. 0001111011
01. 39. 10100113. 110101 hibernien 10101, Dublin ej. p. 61. 1101-
101 1, 302. 6, 220. .

0)801101110301101101000010(10000110111010100)1101111011
der neider‚ die 31010110110 1101001 dem 1100001101ου vollen. Uni·
100 011. 130-215. 810110 di 0001011000 111. 31-80. 8110001010 1, 3.
1100010110 0. 0. 0. Wolf 01. 11. 0110110, 11010100 01. 61. 8101110
110011081110011111794. 81101103 0 290. 81011 1. 34. 115110 01. 15.
1101100101 0. 461. 3110011011ου 2, 286. 11011001 1, 488. 2480. 1010
0. 125. 101111100173, Zingerle 2, 5 11011414. 801111010103. Ρο0-
001 1, 90. 1011010 2, 98. Pol de 11001, 1101101100ᾱο 4, 46 (1831). An·
dereen 2, 43. 1111011. 134. 1011510100 01. 53. 8011010101 1. 121. 100-
kion nnd 8111301001. 483. 574. 010 501011.11030111010 1000010110, Un-
3010 1,345(1888)1 0101611οΡ0101. 000310110133. 110101 hibernien
10100 p. 01. 110101 2, 273. 11. 1. 1111110301 2, 33. 80001010 p. 218.
Oeneo Menaeni, 000100 populaires de 10 00100300 1881 p. 173 81000,
000100· pop. (10 10 00100300 1886 3, 116. 110100 dee 1003000 romenei
3, 386. 0003010 01. 10 00120. 861111011881 p. 129. 10001 p. 85.
0000001001, 811110οἰ1010 01110100 nr. 70. 71. 11110 01. 157. 01000,
1101100 popnler 10101 p. 303. 0010100110 01. 30. 11011101. 42. 1101
1101 p. 154. 1110000 p. 103. 00100001 2,15. 11000000, 11000011ογ10
3, 82. naalon 3, 382. 11011010, 80000 p. 184. 10111011 0011011013
1874,11. 1875, 258. 011οο101111 2, 33. 8111000101, ’10110011010101878
p. 8. 810011 10 20. 1100100. philol. 2, 350. 10111010 reeord 3, 53.
Abel 1100 11101011, 000100 populaires 0000011100 10 Publieetione de l'ecole
1100 10031100 0110010101 11100100 2. rer. 19, 333. 11010100181101103010-
110110 der Wiener 0110100110 111, 14. 1885.

Der 1110111 0 10303001011010 0100 1 10101000, 1111001 Berloldo
5, 33 (131. 00011101, Ire 1110 010 opere di G. 0. 01000 1879 p. 244),
101001 10 01001 11000801001011 poree 1101 1020111 0001100 0001011101 de Το-
10110 ed. Avenlin 1858 1, 227, 101 110011101101101 0. 45 und 1010111010,
11110100 01. 148 ’11101110οἱ

Dee 100111 1 010010101011010 101 1100101 3, 220. Prym und 80010,
01010111 (100 an ’Abdin 1881 2, 129.

101 011300101000 131. 01111101, 11110100 3,107 011 01. 61 Ι1100 bllrle'.
W. 1100001, 0000110110 der deutschen (11011003 1, 427-430. 110101. Keller,
011001 und 00011001 2, 488-506. 3, 350-352. 201100101100100. philol.
2, 250. 01000100, Populer 10101 end 1011000 1387 2, 229-288 ’1111110
l'eirly’. 11111, 11010, novelle e rancenti popeleri 0111111000 1875 3, 185.

0. 20, 3 Dies 01101 aul 0. 328, 1 01000110110000 1101110310001
10303001 10013, z. b. 10 8103100 11311100 1111011010οη3 10οΡ01101000

 

