x348 0001010010 0.

01001οη00, 001011οἰ0 010 00011 00010100 0001000100 000 Dio-
010110000.

wie 010 0100 00 0100000100100000111100, 00100 00 0010
01100 110010 00000031. Der 11010 hydig, 000 01101 0011 001·

00000003000101, und gedaoht wol, er 0010000111 herren 100
01000000 0000 01100, 00010001 0100 010 0011001100001 000001-
0100010 010 000010 0110000, 000 herren 00 001000. Als der
0011100 1110011000 [1920] 0010000 00101, 0000 01 00000 000
010 grosse 01011 10000, 00 1101101 010 wey} beleyben.

0 8010000 0110010 0000 Ζο1000001, das im 001 10001001-
gangen 1101, 1100 0110000 010000οΙοςοο 000 0000100011 im
gantzen land. Da 110000101000 011010000 00000, 010101 gan-
10001000 waren. Das name 01010 00, 010001 also 0101011
01020000 0000000001οη 00100 und 100. 010 0010000 001

1011011000 10110110000 ward, 0010101 01 auch 010 101011 000
110110 000 001100 100 Byzanche 0010010οη. 010000 0010011
100 0100000010000 ward, 000 01 10 Ypone 0011 010 000111
000 1010001 000 0101 10 0010 01011, 00 0100011 000 00100100
1001101, und entgieng also dem jungen 001100 zorobabel.

0000100100 01010010, 000 00010000 110000, 00010010 000
1110001010 000 010111100100 0001 00000111 mannen, 1101100
0000 junekfrauwen, 0000 0111000 0000001010οη 111001οί0, 001100
vil 001 00 0011101000. 01001 000 0001 001 10111001, 00 100001
010000 000 010 001000 000 00010 10000 [1920] 000 11001111

1010011001 0000 0010001010 00. 0000 οο 00110000 11010 boh·-
001100 vil: sie 000000100 1101100 000 1000011011οη, 000000
0001101 00 000 000011100 01110000 010 010010 00, 0101000000
000 011101001000 00010 jiimmerlich, das 010 0000110101ςο 0101
00 gott 10 01010101 schrye. Auch so 110100 000800001ογ 101

sodon 01100 110013 Dioscorides.

0010010 0000101000 armen hilff 00 00010000 0000 samm·
1010000 010 grob 11001 000 0010010 000100010000, 100 Fero-
0100, 100 Ρο10100, 100 0011000110, 000 001· 011 110018 0000101000
010001 010 gewaltig 011000101011ςο0 walchem 101011 1110011101

0 00010100 00100 beyde 000, 0000 010 001100, 001 0100 1110011100,
0000 01000, 001 11100 0011001000. Und 10000101οο 001 110018

28 000 000 ΒΟ.

 

