132

11101100, obse, 211,1. 238, 11.

1111000100 33311. 31811.

Plutarchus (der 001011111011011 68,1.
137,11-

Plutarchus, prinz von Nicomedis
33311.

Ρο1100 291, 10. Ρο1011331, 11.

00111001811311, 11. polioey 191, 11.

Ρο10100100 206, ιι.

Pontus (101000) 8, u. 136, 1. 190, 11.

Porrus 135,11.

11011001 276, 1.

Ροτ10301176,11.178,11.179,11.188,1.

9011030101331, 10.

11011113 = 00110010111001001 0111
1110110101 314, 11. 110111100111 5,10.

11011 = 0001110111 118, 11. 121111.
152, 11. 318, 1.

Ρο10101111 318, 10. 32310. 329, 10.
9010100 318,11. 1613 von P. 31310.

Ρο111111011 11011) 151, 11. 227, 11.

110111. 11010.

Ρ103 178,11.

1110013110] 293, n.

3101111013 = Prossburg 50, 1. ιι.
331,10.

11101000 = 3011113011, 01110. pristin
65, 01.

11100100011011212, 11. 111006οἱ1011
211, 0.

Priamus von Troya 136, ι,

1110000 = 11100011100158,11. 155,1.
11101000 187,11. 191, 11. 11101000-
0001 100010100001 191, 11.
1101110001 = 11001100101101 110001-

101 58, 11. 731.30110101101,Βο1-

11101101 1161101110οὴ1 1, 471.
psalm: 001 12. p. 3010030010 75, 11.
111101111οἰ0 198, 1.

quoniam = 110011 210, nu. 211,1.
21311.

rad: 0011 eim r. 0110010026, 11.
110300, stadt 329, 0. 11.
1001100 222, 11,

30311101.

1101111001, 00301222, ι.
1101111110111010 (10.11111000011) 8. 11.
100111011ἱο 12611.

recht = process 271111.ιο. 271,11.

1001113010110000 = 1000110003οη
161,10.

1001111103 221, 1.

1001010100 ε1001110100 117, 1. 031.
1,1. 169, 0.

1001010100, 01110. 51, 11.

rede: 011 r. 101000 206, 11.

110300111013 51, 11. 17311. 2191.

1010010111 0100003000οῃἰο r. 011
101001101100111011010113 18, 11.
291, 11. 339, 1.

101011 000 1010100 010111 011100
61,10. 63, 1.

1010101 (0010) 295, 11.

teitan: das 00310011 101101 01000
132, 11. 136, 10. 137, 11.

1010310100 221, aa.

rennschiff 188, 11.

1000οε 11011. 3010000 8, 11.

100010οι 010010 10 10100 0100 r.=
100000 1331.

1111010 39, 11. - 1111010 R. fabren
(oder 11111100), 01110. 51. 101111.
52,10. 53, 11. 131. 51, 0. - Vgl.
Montanus, (1011003010111011011
2. 1011, 01. 11 *1110 0010111000
1611110111 111010 0110111010Ι (000
111111 ihr 300011 00); 0110. 01. 361
’0000 011010101001100, die 0100
1001111001 11010116 110111001111031,
mih 1111110031 1101003 Ernst ed.
Bartsch 1. 219. 1001000111, (1011.
301001. 1870, 1232 0001100110οἰ0
11, 399. 33, 251. 30011010 zu
11101001 11100001 s. 119.

3010100001 331, so.

Richmund 110 3031000) 113, 11.

110111 = 30110111, 1110110 29,1ο. ¹

11100, 010011000οω 1101011030012,11.

1111101 110 111010 (001011001010111-
1003) 8, 11.

 

