Nr· 1111 131

10101 0011011101 301011 11111 0110011 11011101 augon, und 01011,

wie 110 [1231] 1101100301, gott vor augea 0001100 10111101

101 10111001 Ob 00100 1010101 1011 011101011οΙ 001 110 001100

1101001οο 01001001 10100 101001110 11001 10101110101, 00 101

0001001 1100 11010110 001 010 00101101, 101100 man 01101, 1001
1101101101 1101100110001111101100 1011 11111 0011011011 fallen,

100111 111011110101111111 1011011 001 aie 10101101011 bley·

100 001 01110110100 werden.

11000110, 1110 got 110 01101101111101001011010 10100
0111 8011011 0010001101 101101001011 1)οο Abel Genusia 01011
4. 0001101100 [101 010 19. capital und 100 Abraham 01022.
capitol mit 00100111 000 Isaac, 100 Jacob 1011 0010001 100 10-
seph 001 37. 00ρί101, itam 1001000011 010 3100111101 1011001000
101100 11011, 1101110101 100101001111011100 101111. 111 00110
19. capital. 11010 111 110 0001100 5110101 Moyses durch und 11
10101101110011101010 100 101001, 11110011011011101101
100 Samson, 1100 01 1118111011 001 00311011 101 gaham, vom
13. 111 10 100 16. 0001101. 1111 110 010100 11101 80100[1240]0110
10010. 0001101111 0011100 31. 100 kunigs Saul glack und
ungluuk 1011010011. aa

Wie vil unglflcka 101 1011101110 1011110111 01111100100
dam grossan Goliau! 111 Samuelis im 110111 100 1111111111,
11101110011000010110100811011 01 0111110 100 11018 Saul,
walchem 11011110010110001100 11110001, 101111 1000001 101·
101111 1101100, 0001 010010 001 layden 10100, 111100 31. aa· 11
111101, 10 01 1010001 101 2. 11101 Samuelis im 01111111 111111
zum kbuig von Juda gesalbet. Wie vil laida 101 101 0010
0111001000 11001000010111101, 010 01 101 13. 000111010010011
111101 Ammon 1101 umbbringen! Ala 100 David 11101, 101-
1001001 01, 11100100 1011001101110131111010 kindar 0011110011, 10
001 110110111011100000101000001 hartuanlayd. 1001 1101101
101010 1101 010 1100111101, 1110 110, 10011101111100100
0001 0010001101011101101, 1011110110οη David 01101 0011101011.
1001 101 16. capital: David 1011110000 werden, 100 ihm 0010

A
9111011 1101 A. 11 001 11100 A. 1200011011011111.-
11001 A. 13 001 36. ΒΟ. - 000110110111 A. - 01039 01111. 19
100 19. Boou. 33 1001 konig A. 24 10000011 A. 28 0010
111101 A. 31 grossam 10111 A. 32 001 16. Bc.

9*

 

