30310100.

30000500οε000005000 550. 144, 00.
204, 00. 211, 00. 242, 00. 260, 10.

30010000010001. gozam 244, 00.

3100110 174, 00.

3101000000 10001. 0103110000 86, 0.

310010000010 58, 00.

1110000100 = 1110000100 119, 0. 158,
00. 159, 00.

3016100500 haar 129. 00. 156, 0.

(101101 131, 00.

301100 339, 00.

Gomorra 221, 00.

3500000 011 3. 600 10 610 0000
0000050101 22, u.

(160ρὶ53011 10, 0. 31, 0.

(1010 281, 0.

gott: 600 6105 3011 0050060 26, 00.

3011 305, wie 56, a«. 124, 0. 295, 0.
215, 00. 271, 00. 332, 00. 031.
2000010 zu 1100010 Narrenschiff
57, 00. 1400110 zu Hermann von
300500050100 0. 48. - 0500000
600 10111101 3050 265, 0.

3011 3011000000 0000500, 0500. 17, 00.

3011011110000000 112, 00.

3111100, die 44, 00.

Gran 49, 00. 331, 00.

1100000100 ( -000006011 313, 00.
318, 0. 322, 00.

3000000010 262, u. .

(10510 2- bauemdjrne 345, 00. 00.
(1101110 55, 00. 56, 1.

3006001105 3, 00.

(1011005,105.00060030010001037900.

30065000501 - 0050000300 58, 0.

00000 006100105, Terra 000300 329,
00. 00. 330, 0. 350, n 11. 11.

301150 · grah: 51010 0010 3011500
135, 00. 136, 0.

(111105 1111105 114, 0. 153, 00.

31111 oder 01011 196, 0. n. 00.

3003101· 0600 00010001050 245, 0.

3001015000 245, 00.

3110101, sem. 87, 00. 99, 0. 246, 00
u. 6.

425

3101030005 (10501 der 3000005010
mit 006001) 226, u.

11011 5010101264, 10.³0· 1101000-
sim 60001501056. 1110050 00001
Martius 265, 00. 266, 00.

110110 (0. 6. 80010) 281, 0.

501100 501100 11, 00. 46, 00. 216,

00. 263, 00. 511101· 48, 00. 239, 0.
110110000εο 501 1111005003 236, aa
0. 6.

5016; 606 vollen 5016 01100 300113

146, 01.

halt: 5011000101 44, 00.

11211 1112111561) 226, 0. 247, u.

50110οι 0105 5. 01000 =- 00 jeman-
60001001501100 226, 00.

110ιο5003 173, 00.

500110ογ05003 268, 00.

5000100000 0105 auf 600 510300
·— 010000000ου5 1001500 339, 00.

500001060οω etwas 000 h. 1- buh-
lerei 63, 00. 1131001000011173
4, 2, 166. 80110 5000010600 010
50000000301000505100050111001·
1105, 110 560 meretricum (2000010,
1110 6. 0050001111οη 1, 82).

5006010 - einen 0000500601οι 66, 00.

50060001000130011511198, 0. 201,
ιι. 202, 0.

Hannibal, 0050 von Florius und
510000511Ιο 318, 00. 322, 00. -
Hannibal (der 100150310050 1016-
5000) zu Rom 10 0000005005501
00101011 322, 00.

Hane: 3000000 Η. 261, 00. 00.

300001 006 11001110 55, u. 56, 1.

hantbogen 346, 00. 349, 00.

5005000600 0011100300 1050010500
600 3003100000) 233, u.

5301131505 122, 00.

50010 196, 0.

50οε 600 50000100 5500050500
00000310010126, 0. - 01050·
11051700011000, 800100 0500011

 

