Regina.

undertrnnck: 11111 u. = zwinchen
dem trinken 171,11.

underwegen 111111 = 11111111111
117,1.

unendlich = untfiehtig 218,11.

1111111111 = 1115111111 142,11.

1181111156, 1. 200,1. 294, 11.

Unger 331, 11.

1111111111 = 111111 11111111 156,11.
820, 11. 347,11.

ungerische pflaumen 43, 11.

Ungerland 48,1. 1. 49, 1. 11. 11.
50, 11. 234,11.

1113111158, 1.

ungeschick: von u. = zufflllig 56,
11. 126, 11. 289, 11. durch u. 69, 1.

1111111111 = sich 111611 nicht 10110·
101111 98, 11.

nngewnrneter 111111 120, 1.

unnenschlich = iibermenuchlich
94,11.

unordenliche liobe 114, 11. 294, 11.
266, 11. 300,11. 305,1. 336, 11.

1111111111 liobe 105, 1,

11111111111111111111) 124, 1.

unwnnekelbar 110,11. 311,11. 321,
11. 322,11. 11. 01111 wanekelbar
305,11.

1111111111 = 1111111 11111111 107,11.

11111111111111 206, 11.

11111111 130,11.

11111111 ·- 11111111111111 1111111111
284,11.

Valerius = Phalaris 57, 11. 11.
58, 1. 11. 59, 1.

11111111 = 9111111 in der Bretngne
186,11.

11111111] 184, 11.

Voltin: wie 111111 1111171161
21,11.

Venedig 152, 11. 178,11. 188,1.

1111111801. 114,11. 180, 11. 305,
11. 82211. 834,11. V. pfeil 98,11.
V. 1111113911.

’,111

1111111111 200, 11.

verbringen = vollbringen 206,1.
261, 11.

1111111111 89, 11.

verehren = 11111 11111 1111016111
92, 11. 11. 160,1.

vergeben einem = gift reichen
135,11.

11131111 = giftig 7, 1.

Vergilius 137,11.
111311 nemen 1111 1111111 140, 11.
etwas v. 1111111111 277, 11. 11.
verbanden = 1111111311 125, 11.
129, 11. 210, 11. 309, 11.

verheyseen, (1111 = golssbde 41, u.
42,1.

verborgen 331, 1.

1111111111 335, 11. 350, 11.

11111111, veryehen 31011. 31611.
317,11.

1111111111 sich v. 220, 11.

1111111111 = 1111111111206. 11.

verleger 218, 11.

verloben = voll lobon 190, 11.

verlfigen = verleumden 34, 11.

1111111111 = 111111111111165, 11.

1111111111 = 1111111111 6, 11.

veronica, 1111111328, 11. 329,11.
Feronicn 348, 11.

versuumn 287, 11.

verschnepffen: 11111 v, 311111111-
schnappen 237, 11.

11111111111 -- 111611111193. 1.

versehwetzen = verloumden 3111.
34111.

verschwetzung 11111 1116111 127, 11.

1111111111 = vertnunnhon 37, 11.
206,11.

vertndingon 269, 1.

11111111292, 11.

11111111 haben = 1111161111 63, 11.

1111111111 einen = 1111111111·
wegen 187, 11. 883, 11.

1111111111 235, 11.

1111111111 = 1111111 130,11.

 

