408 1111111311.

Hagen. Gesamiabenteuer nr. 29) 1111111 111 11131 itan 111111 111
1101111111 311111 111 11111111111 haume 111111. 81111111, Dio Bi·
linspraehe 1883 1, 173.

81 (11, 11). 1111111111311111111111111111113.-
8111111111111111.36,1111111111111111111 11111111. 811111 vom
111111 111111111111111 11111111 111 111 1111111111 131. 81111111,
0118111111111111 in 111111111111111 2, 22 ‘Der 11111 gatte' (81111131
11111111 111 111111111111111119 11. 5) 111 81111111, Die Sahonpnche
1. 249, 17 8111111 nieht 11 111 13111111111113 catos.

88 (11, 11). 01111111111111111111111111131·
11113. - Abgedruckt 1111111, Die 1111111111 1111111111 111 16. jhs.
2, 859-881, 1111111111· 11111111 111111111 1880 1. 81 111 Mei-kens,
1111111111 11111 111111111 1. 206. - Die 111111111111 1111111111 fiber
111113111131111111 1111111 jahre 15481111111111. Visebat, Studien
111111113111111111 18861. 478-582 mammem doch 11111 1111111111
nicht 1131111, 111 11181111111 3111111111 111111111111111111131
1111111311 111111.

1. 210, 2⁰. 251, 31 131. 8111111, 11111111 131111 1616114161 ‘Bar
geli machi 11111111 111111111118. 1111111 1, 141114931195. Petri

11181111 *01111111111111 111 1113, 111111 311111 11111 so 1111111
111 111111 11111’.

1. 211, 1 131. 11111111 3, 904: ‘Jedem 111111 311111111111111111.

300111). 01111111111111110111111111113111111
1111. - 0111111111 im 1111111111111111111111111 11131-1111111 1131
8112111171.

1. 214, 1 1111111111111 Arius 131. 01111111111111111111111111-
111115, 183.

1255, 3-11 111 1111111111 iiber 111 11111111 3111 111 111 Hi·
111111 1111111111 Alexandri aurstein vgl. 1111111111, 182.

1. 255, 22 131. 1.Α3111111,8111111111111 11. 415: ’1)11111111111111
111 1111111111 im 11111, 111111 muns 1111 1111111 111 11111111 11111-
gen'. 11111115, 10.

1. 256, 31 131. 81111111, 0111131111 111111 1885 1. 374 f. Wunder
2, 151 ‘Goit 1111111111 1111 1111111111 irounden'.

1. 28011 131. J. 13111111, 8111111111111. 121: ΙΤι’111111111 31111
durch 1111 1111, 11111111 1111 31111 hyn, kompi 1111 11111 1111111-
der'. Wander 2, 308.

1. 262, 7 111 111 1111111 1112. strophe von Georg von 811111·
11131 1111 ‘Mein 111111 111 miih', 111 L. 8111 1111111111 131.
811111,1111111111111111111111 nr. 391 1111. 81111111, 01111111
1111111 11111146, 6.

1 262, 131311111139011 22, ιτ.

 

