Regieter.

60110011 272, 11.

(1000100111 011 (nach 00110011, 110111
001111οΗ01110, 1. Mose 9, 25) 827,11.

(101100οοὶ0252, 11. 253,11 11. d. C.
1111111 0110111111 1101111111οἀ1 258,
ie.

0111101110 = 11011010, kregen 325,1.

00101011110110(10101111)0111011249,11.

Genio 11010110 ; . 8000000101 (1001.-
1110101108, 11. 137,11.

Cesarea, heien 111 Ρο11011110 829, 11.

011011122011.

chrieigIeubig 164, 11.

0511110601101Μ11111011101172,1111.6.

0101010601, der 1101111ζο 85, 11. 11.
82,1. 142,11. 144,1. 152,11. 153,
11. 154, 1. 163, 11.

christophorus: 101111ος (2511111)
144,1.

0111101110 46, 11. 226, 11. 22811.
272, 1. 11. 11. 0. 101110.

01011101 (;;01110101; vgl. 8111010)
3321.

0000111111 7,1.

1101011 = 0011011011 171, 11. plur.
0011011011 208, 1.

0011011011 = eine eririeehung ein·
nehmen 100, 11.

0611011 178, re.

compen 201, 1.

companion 16,11. 41,11. 286, 11. 11.

comparatio, obse :vulve 286, 11.
288, 11.

0011111101 singen 236, 11. 237, 11.

00111001 110, 11. 277, 11. 336, 10.

consciens: 110011100345, 1.

conspiratione· 72, e.

00110111 = (1011010111 178, 11. Κο-
1101111 291, 11.

Orabat = 111001 831, 11.

credentzer 185, 11.

01061001 25, 11.

0101100111, C. Fabula de sacerdote

01 simplioi rustico (1581) ehge-
(11110111 355, 11.

421

Cupido 80, 1. 180, 11. 384, 11. 011-
0101010 piei} 114, 11. 300, 01.

(1011000101 = (10111011 389, 11.
1101111011 = (1011 11111011 49,1. 11.
Daniel 133, 11. 183, 11. 261, 11.
0011111100 = Denzig 178, 11.
darauf legen = 11101011 25, ao.
Deryue 185, re.260, 1. 262, 11.
1101100011 = (1101110011 14, 11. 291, 1.
1111711167, 11. 74,1. 95, 1. 131,11
11101321. 18211. 183,10. 228,
11. 2301. 26011. 261, 11. 272,1.
Dennmerekt = 1111ηο1110111 45, 1.
46,1. 188, z.
1101101 -. (1001052, 11. 104, 11. 212,
11 11. ὃ.
1101001,1ο110111101205, 11. 11. 206,
10. ¹1. 24. ΙΙ·
0100032511. 11. 326, 11.
(1111011100111101110 --· 1101111 55, 1.
11. 11. 11. 11. 56,1.11.11. 57, 1.1.
10. 276, 11. - 1131. 11181110.
(1101111101 ein (11111111, obeo. 25,1.
ding: 0111 (1. 11101160, 11. 23511.
251, 11. 325, 1. 841, 11. eberiso:
01111 1111150... - 1111100610.
= 1101111279, 11.
0100101101111330, 11 11. ὃ.
Diogenes 66, 11. (611).
01010011101, Dioscorydue, 1111113111
11100100611328, 11. 380, 11 106.
division = reiterabieiiung 81611.
doben 276, 11. 286, 11. 10.

Ι1101111101, obse. 15, 1.

1110011011 7,1.

11101111ογ und 110111 94, 11. 100, 11.
1601. - 11110101, ein magen·
pulver 0111 3011111011 und 11101101;
vgl. die 10001110 in Zedlere Uni·
10110110111101145, ese-90& 011011
110101 2, 15161 11110101, 1101101101.
601111101101·2 1, 6751 111101.

drummen 314, 1ο. 10.

(lunden 286, 1. 11. 287, 11. 288, 11.

 

