422 1163111111.

6618612166611611 13811. 277, 11. 158,11. 161,11. 17811. 1881.
1111111361 281, 1. 11. 11111161 hein 1611316111, 161-
861113611116--Τ11111113611 19311. 6611611 1611631111 79, 11. En
[16111361 331, 11. 111111 Ε. 116111 11111161 112,11.
8136116166184, 11. 331, 11.
11611161661331,11. 6136111161] 128, 1.
Egypten 151,11.256,1.259,11. 8131116161 86. 11. 89,11. 117,11.
611161 16116181161161611161116111- 121111.

116112, 1. 6136161161 122,1. 111111.
611161ᾱί611 839, 11. 81361111 = 81316112631.
6111611τεὶ611 310, 1. 6111116111-ε 11111111 1611161111 219, 11,
11661, 63661 = eidam 169, 11. 11. Epirus 68, 11. 69,1.

161,11, 187,1.11. 216,11. 31311. 611161 = 61111161· 221, 11.
83661111, 81661111 = Aidoneus 6111611166 = 6161111113 71, 1. 11.

68, 11. 89,1 11. 6. 6111616611 3661311161 35, 11.
eyer im 1111111111 278, 11. 11. 11161111 = 811111 196, 1. 281, 1. 11.
6131611 6116111 16116111 6. 11211. 61161118 = 6116111113 284, 11.
61111661613611316111616131611. 6111611161 215, 11.

8111111111 22, 16. 11. 23, 1 11. ὃ. 6131111611 281, 11.
61116361 = 36111361 1611161 223, 6111616161 = 11 311166 3611111161

1228112611. 271, 11. - 61161116 6111111361
111136111361 119, 1. 274, 11.

6111166661 -- 6111611361, 16611 &rin ε611611193,11.

1136119, 1. 6111113611 217,11.

6111161161 = oinsperren 211, 11. 6131111161 [6111111161] 116 61-
1111116661ε6111666156,11. 11111161 = zusammen 1111161161
696611 = 6166111 12, 1. 18, 11.

8116616611 195,11. 11. 196,1. 281,11. 6111161611 = 1161611611 101, 1.
811111 132, 11. 61163661 = verleiden 314, 11.
6116161 6111. 1111161 13311. 6111116111 sich 6. 116, 11. 6116116111
81118, 811611 91,1. 114, 1. 145,1. 109,16. 219,11.

- 1111113111 811111 114, 1. 158, 611611116111113161161161 1631.

11 111 wohl der 3161161 11111- 611111611611 werden 1111 6111611 31611.

1161111611, 661661 11161 3161161· 61 man 616 111111 61111161 = 1111

116113 1611 dem 15. jahrhundert 311361 sterben 276, 11. 131. 9,

11111116. 131111111111111111- 1111161, 3161111361 131616 66. 0.

6111116 geschichte 661 81111161 3, Zingerle 1886, 21851. 248116

168. 81116, [161161 6161111661· Β. 1111311116, 1111161 1111111111

sebast 661316116111111111111873. (Aug. d. biogr. 28, 612). 61161161
81161161 331, 11. 116161111161611616111111161 1
Endon 611113611111 8. 191, 1. 666111 611611 1161661611 11631161
1111111111ε1111113,1111111111 272, 6111116161 350, 11.

11. 11. 271, 11. 6111116161 191, 11.

8136111161 18, 1. 72,11. 81, 11. 97, 6111116161116 6116361 17111.
11116. 135, 11. 13611. 137,1.1. 1111661611 59,1.

 

