410 40001100300.

4311111). 80011101010066011001011000111-Αο
30610011 bei (10060110, 8011010110 01. 7. - 111011 dem 1557 3061011000
006 1558 306100110001110011306101110 60011000 800110 (1011000030110 1, 5,
4930 = 5, 114 06. Keller = Schwenke ed. (100100 1, 485 01. 176). Vgl.
8016000111, 1006010101111011 1859 3, 294. 1.Ρο101,1101110111011101100
00000010110101110011-3011100100 1867 2,134. 1111110301, 101101601111101
0008011001)οη 1861 1, 36ος 101001 610 1101600110 0030161111εο 61011-
100300 von 110101. 1. 1110101, 11000 Maria, (1103011011, 11. 1100111006
Julius 11010001.

027313 1110 6101 100100 00101600011001000110010.
-811000οΗ0101100011, Sylva sermonum 10100610011001001 1568 p. 265.
8111001, 6271110101100100010010011001572 15, 01. 48. [1136101101ιο
1013011011 1659 1, 67. - 40111106000110110110 von 100100 10111000101101
1οΡ0011,8011101111 006 01001261 006 (10010 Romanorum 91 001. 131.
(1111001, 810601· 006 1000101101100 01. 151-1510. 11030010 0101111111
610 300011. 6001001101 00100110 1874 0. 71. 436. 1601100111, 201 0011010060
1879 0. 119. 1161101-110010011, Die deutschen 1130061011003001881
0. 96. 80110010, 100010 30610111 von 600 0101100 1060110600 1874 e. 37.
11101101 80110110 im 11016011101301 006. 30110. 812 (80110011 147) 1112191.

0. 275, 11 031. oben 396 00 e. 87, 28.

44 (11, 11). 1101 100601000111101 00101100 11011 601 1

06011 re 0. - 1101101οο01000 von 1110011110, 10001100 1692 p. 14 ’111-
111010 1001006. 11000011 60010011 11011. Sommer, 1101010011οω (10100110-
01110 1609 01. 54.

1110 e. 278, 1 010306001100001111110113 vom 101011011οο 10116-
eheu 111 0111 00001 010111 10303001.

e. 278, 04 11101110001110010 011 lehn 0101111011οπ arbeit 00011
bei Kirohhof, 1100600001 1, 881.

0. 279, 11 ’0011611011 11116001110100110010. 1731. 600 1106 10001000
50130010001110 006 01001 1101101ἰο 10 86110100 141160010011010 1106011061
1877 10 01. 971 ‘Er 00161101111600 pfleumeubeum 0060111011 11 0001
6010 1101110οΣ 11001011, (1000111011111111010030 l 0. 33 0641010110οε
‘Der Augepurgieeh 001000001001101, 00101016011101110110 600 31100000·
heum scbfitt'. Aueh 6110 111000011611010 10 6010 110 6101110 1. 11130001.
11, 455 0111011οο 101101106030161101001101111011101.

411111, 11). 1100100601100011106101011000110.-·6130
6100111 11οἰ 60060110, Schwenke 01. 171 006 1101110οε, 1100100101 humor
1111011011 0. 205; 1011110100 euch bei (10060110, 20. 6. 1110101. 10101001.
111060110011000 1852, 362-364. - Eine 161113 0010010010οᾱ0 0110111003
habe 1011 nieht 30100600. 11000 Ρο1100 0601 1111110100 161 3010 1101110131
6101 1111000110 1101010111, 11010011 10 110100 1011101100 0οη 131. 11111101,

’ 1110601-00611000106101100 01. 82 Ι811101110000100687 ’11010100006

601 1010116. R. 11611101,10111110011 11111010001111. 5, 4. 7,124.263

 

