414 Anmerlcungcn.

11111111111111111111111111111111 v. 12) 11 11111 1111111111 (13115, 111,
1111111 1111 111 1111111111 111 111 111111 1111111111111111111. Zn der
111111111311111111811111111 auch durch 111 11111111111111 111 Han
81111 *1)1111111111111111 man geschlugt 11 1111111* unguregt 1111, 111
1111111111111111111111311111 1111111111 seben (gedichtet 1514; gc·
111111111811111 111111111111 4, 3, 31 = 11, 126 11. Keller-Gaetu
= 11111111111111111. (111111 6,1 11. 631 vgl. stiefol, 1111111111 36,
4611 11111111 11111111111111111111111111111311 111 wenige: 1. 31
‘wie vil 11111111· 111. 324, 8 ‘zuen 11111111111111111111 v. 5 ‘Die
1111111111111 marck geloffen, 11111 1111 111 1111 11111 11111111·
11 1. 324, 11. lm 1111111111111111 1111111 1111181111111 111111111-
11111 11111111113 im 11111111Ιί111 111 111 bosehwurung 11111 nichium
11111111 1111111 1111111111 111111111111111111111111 11111, 1111111
111 11111 1131111111 111 111111 1ο111111111111ς 11111111111111 111111-
1111111 11111111 11111111 111111 111 opsergabe 1111 11111, 11111 111
111111 1111111.

1111 11111111 111 1111 merkwurdige vorgcschichin. Schon in dem
vieigelcsenen werke 1111111111 11111 spiritus 111111 111 1261 1111111-
11111 111111111111111111111111111 Stephanus 113111111111111111 eine ’
1111111 1111111, 111111 1111 s. 318 11. 111111 1111 111 Scala 1111111
11111111 iunior, 1111111111111111 1111111111 14. 111111111111 11111111
111111111111,11111111111 11111). 1111111111111 1111111111 opsergabe ³
111 111 nume 111 111111, 11 111111 111 1111111111 gebeton wind 111
1111111111 vorgcuchrieben. Eine oben 1. 318 111 X 1111 1111111111111-
111111 1111111 1111 1300 111111111111 Speculum morule 3, 3, 1, 111
1111111111 dem Vincentius 8111111111111, 111111 1111111111 111 11-
1111111111111 8111111111, 1181111111111 wind, 11111111 111111111111,
111 1111111111 111111 111111 111111 ‘vcronu' in 1111111111111111111111
1111113111 81111111111111111111 11111111 1111111 (Prompiunrium 11111·
111111111111111311 1481 11111, 11. 18) 111111111111111111111 11111
111111111 111111 deutschen bearbcitung 11111111111111, 11111111 1111
1111111111 11 1111111 1. 319 11. 111111 111111313111111 1111111111. 111 ’
11111 11111111111111111 111 11111111111111, 11111 predigcmmmlung ’
111 um 1430 wirkcnden 111111111111111111111111111111111111 11111
11111 1111111 111111111111 1111111111, 1111111111, 1111 1111111111-
11111811111 1111111111111111131 11 11111111111111 1111111 [1111111111
1111 111111111111111111 1111131, 1111 1111111 11111111111 in 1111
111111111111111111111111111 111 11111 31111111, 11 111 1.(1111111
(1111111111111111113111 2, 1001) 11111 11111 111 1111111111 11111111

Ι

1) 11111 11111111 111 11. Lecuy 11111111111, 1111111111 1111111-
1111,1131111111111113111 1111111111 11 8111111 1871111111 111 -
1811111111111 111111 11111111111111111111111 111 prodiginum·
lein (11111, 1111111111 sermon-books 111 1111111. Prooecdingc 11111
American philosophica} society 21, 49-78 11881).

 

