ur. 49 313

Ale 8818188 118 1888181888 11881, 11888 818 an 8811 81181-
11888 888188 8881 8888818 ι111188, 8881 188881181188 811188
1188188, 888 mein 88811888 1888 881881188, 8881 8118188888
11888188188 18188 8811 8818188888 1818181818 dieem 181 88-
1881181, 188 1181818881888181181188 881 8111 ihren 888
181188 88818811188 1818818881 881888888 8818.’ Η188811 dem
811188 Florio ihre 881888881888 hand 181, 188818 88818 81181118
8881118888,18888818ο8 881888 1118188 8818 818 881188888888
8811888 81888, 188188 888818 118888 11881881 88888181, 811811
118 18881188 1818118888 Μ888811118 88 ihren 118888, 8888818 8
‘N emet 118, 8118 1888181888, 11888 ring 811 81888 888818188181111
088818818881 8181 8888888881 mit dem 118888 81818 118
811118181118811818 881 ewer 8811888118, 8881 8881818881-
181811818 1881881181811.’

1181 [1521] 8188888 aleo 8118 11188188, 888188 8811888888
8881 8118881188 dem alten 181818, 1888881 dem jnngen rytter
888881 1881888811811188 188811888888811 8111818881 8811881,
1181888188 188888 mit 81188 88811 88181888118188 188818-
segnem 8881 nem 8811 dem 818811888 188881 818 881.

11888181 188 181818 88 8818888 1818, 188 man 881181-88
8181188 8811118 18818881 8881 dem aller 188188 8881 18181-
11818188, 188 88 811888 dem 18818 mange} 8888, 188 man solt
8811881118 18188. 118 8818188 8881 kam 1118 188 8888888
881818, 188 188881 8181888 88818888 1881888 881 8118881188
dem jnngen herren, 8881181818188118111818 8818811881; 1888 n
88 888 8118 881818 dem 811188 8818 81188118. 1881 88 8818118
188 811188 Florius eeinem 881188888, dem 1811818 18 Neapolis,
881 11811118 8811 118 18818881 18188. 1881 88 88188118 188
181818 Menelaus dem 1811818 1881811188, 8881 dem 181818 181188-
88188 88188881 8881 811 18181888 [1118881138] 881 188888, 88
118 881 1888 888188818888188, 881 11811 818 8811 8818881881188
1881888118188, 881818 888 888881811 8811 188 1881888811,
mmwfflmeffi.

Ale nnn 11811818818818811188888, 18 1888888 88188111-
188 8818888 811 181818 8881 11188188 888881 anderen 8888888 n
herren, 8818188 1888 188 181818 Μ8881888 888881 8818888 88188,

ι
31 881818 801). 31 1188 21. 81811 20.

 

