Nr. 1-2. 385

a) 166611666 6661161, 616 6661 666 Quindecim 61666 6616
iudicium dem jnngsten 66616116 66666166166 solu 661. 0. Michaelis in
11666166 666116 46, 38 666 16611616 Ρ661-8666666 1161161666 6, 118. J.
Α6616616,8661616666166 1529 nr. 711: ‘An dem 666166 16661616616161
Dee meer 6611 666 berg 1666 6161 71661616 1616111666 fiber elle berg
1661, 1168 66 6161 in die 161116 6661 16 666166 66661666116666 pie-tter
11161, 8116161666 666166 666 16666166 66616116 1116666 19. 6116666 1688;
11661116, 1611666 1666612, 831 1. Die 6661161666 61666 161666 bei 666
16161666 66666166 666 61616166 6666666616 666116661 willibald Alexin,
Der 66666611 1868 1, 256. 265.

6)Ι)666616616616661661666116661161666661666
666666611666 666 666661 116. 1166666616, 1166611166 1476 66. 29
Ι1611161666666116 6166 6661666611. 6661666166, Cento 6666116 1561
nr. 100 ’166616116666666116 6166 6661666611. 1081), 066166 66
monde 6666166666 661116611878 1, 89 66. 16 ‘Comme 666 6666111666
66 6666666611 66666661 6 66666616 16 1661666666 6616616 6666666666’;
1666661616611166616666, 711661166116166166 611616661616666. 11661-
666666 1589 bl. 45666. 27 *1166 6661611161 661 een 6616661666666666666
1666 66666666τά6 161 66116166 666 6616 boelen’. [66 6611666 66 Ver·
boquei 16806. 221 *11616616 6666 6666666666 qui 66161661666666666
6166 666611666, 6166161661666661 1666 6616666666· 11. 66116666-
leun-e, 116666 86616666 66 66116 hument. Ameterdem 1757 1, 09 ’0166
evenere, 661661616611 6616616616 66 16616 6666666666’; 1116666161 im
86166-61616666661116661, 1166666661687 6. 442 66. 212 ‘Die 1161166
buhierin'. Tony 8666666, 1116666 66611 61 116 6666666611161116-
6666166 1631 66666 ende: ’1166686666 6666 66666666 6666 6 barber,
116 616611, 1161 made him 1166611616616ἐ 166116 7, 116-119. Eine
66616666166 6661111666, 66666 661666 661861666666 66. 8 66666661
161, 61611 bei Prym 666 86616, Der 666-6666116616 6161611 666166 'Ab-
616 1881 2, 40 66. 12. - 11666 666 66666166116 16116666 666 666 dem
1666166 66616611661161666 1116 666 6661611666 medonem 1111 66616661,
16661666166661 vor: 1616 6611161166. Festneehiepiele 1, 380 f, 1166,
(1661666666116616111566 166. 89 ‘Von einem 61166, 666 661666 66166
fiir 666 66111681ἐ Hulsbuseh 1568 6. 163 ‘Pronus 6666616166 6661661666
6666 66661661 1111616611, Germania 83, 348 666 216616. 1. 666616161. 1111.-
66661. 2, 187. Vgl. 6661 1161661617711166661166, 11166 6. 37 66. 1166661616.

Verbunden 66666 6161 6616616116, 6616666661, bei 0166666, 8616-
mnnn 666 16666666 1616166666 666616116166 166666666 bei 1161666661666
Ο66666166; 166666 661 Ernst Immeriueiig, 1166116166 eommerklee 1610
nr. 192 = 166116 7, anzeiger 6. 826 Lyrnm 16666666 nugae 6666166
1666666166 (um 1700) 66. 279 = 166116 2, 1851.; Ein 6616166 6666611
6611161666666161161161166 1702 66. 59 ; 1161166161, Sagen, 66666166 666
116666 666 861166616-116161616 1845 6. 589 = 866116 1, 187 = H. 1166·
1666, 1166 6161 666 6611 6666111 1892 nr. 213; 16666616, 8666111616
661611166 1836 6, 74-99 ‘Die 6666 6116611611

noeumane. 25

 

