Register.

Abednego 133, 11.

Abel 131, 16. 229, 16.

6666616611 92, 11. 160,1.

6666116611 11616 6. = 11161116 661-
1666131, ι.

6666116616129,16. 285, 1.

66161166 = 6611111166 22, 11.

6113663 -- mange} 264,11. 266, 11.

411116616611 348, 11.

Abisag von Sunem 67, 11.

6616161666 eines 6. = 1661161666
26. 11. 33, e. 195, 11. 269, ι. 21611.

6111611166 = 61116666 136, 16.

6616661166 237, 1.

1111661, 661666 1161229, 11.

Abraham 131, 11.

61166166 229, u. Abeolon 131, 11.

6116616 = abwesenheit 117, 11.

6666161166 35, 1611.

6111161166 2666161666 12611.

abtregen = 6611166666 35, 11.

6611616166 21, 11,

1111116666 = abwesenheit 310, 11.

843, 16.
Ach = 11661166 178, 11.

9661661166 leben im 14. 666 15111.
1892 6. 5281. Μ61661,Ν61166-
beechwerung 6. 37.

66666611 164, 11.

14111166 176, a. 1. Α. 6166166111
177, 1. 186, 16. 194, 16. Α. die
11666161611 66116661 177,11. 189,
11.194,11.

4111ῐὶ66661 189, 16. 16.

Δ8113611111 57, 16. 61. 59, e.

Alba: eant A. 11116116 1161 116161
49,1.41,16.

Alba = 1111166666...

Albania, 1666161611616 1666166166
meet 254, 6. 257, 61.

6111612451.

Alexander (Historia 66 6161116,
1161116611) 8,16. 135, 6-16. 255, 1.
11. 269, 1.

Alexandria (16 0666161166) 152, 11.
(16 1466161661329,1.16. 336, 11.

Algeyr = 6161663316.

6131116781. 127, m. 128, 11.
145, 11. 152,1. [1616616661 128, 16.

11111611,11666161611 166 Algery 2

achsel: auff heyden 66116616 tragon Κ611ο 128, 11.

34, 1.

66111661 61611 6. 61666 dingen 281, 11.

6616666661 616 6. weg 243, 11,
Adam 198, 16. 199, 1. 292, 16.

alter = 61161263, 11.
16166616, 4166166616 329, 16. 332

n. 335, e.
1116666, 661 666 6611161 229, 61.

adel 6111111 611 30, 11, - 61161666 Amazones 135, 16. 255, a.
eindringen 661 661166 61666616 Amazonia 255, 1.

666 6661 vgl. 1111116 Schultz,

3611661666.

Ammon, 1161166 66116 131, 11.

27

 

