11. 11, ιι 189

ein 113, 11111111 111311 111 11111; dem 311131111111.
Der 1113 11111 einer 1111111, 111111 1111 111111 1111111111,
111111131111; 11131113111111111111 11111111111 1111111
111 dem 111111, 11111 111 111113111111111, 111 111111 111
111111. 1
[1311] 11111111111111111111 111 111 11111111, 111
111 111, 11111111 ‘Mein 11111 11111111, 111 111, 11 1111111111
11111111111 geben umb die meino! Die 3111 111 1111111
11111111 *111111111111111111111, 1111111131111111111, eo
11111111 31111 1111111111111111111111111. 111111 11111111
11111111111111111 geben umb 311111111111, 1111111111 111111
111] Die 1111111111 spreeh: ‘Aah mein liobe 11111111, ioh
111111111311111.’ 311111111111, 111 111 311 11111111
111 311111111111111111 und der 11111111111311. 1111111111
1111111111 1111111111, 1111111 1111111111 mit 111111 1111111
11111111111111111111111111 11111 1111111 1131111111, nem
111111 11111111 111 111111 111 11111111, 1111111111 1111111111
weg 11111 zu dem 11111,11111111111111111111. 1111 1111
1111111 1111111 111 1111111111 113 111 1111111111 ‘Mein 1111111
1111111111, 11 31111111 weg vor euch, so 111111 11 1111111111 11
in ein 11111111 11111111. 111 111 11111 arm 1111 111 1111 11111
111111 11111111111111 111 11111, 111111 111 11111111111.
111 11111[1321]1111 1111111111 11, 111111111111111111 1111111
11111 11111 11 1131111111. Von 111111111111111 men euch 311
1111111. 11
11111111111111311131111 weg 1111 111 1111111111 ir
die 1111 1111 31113111111, 1111 kam 111 111111111111, 111
1111 11111113 11111111111111 111111 11111111 11111111 111111·
lein, 1111111111 11111 11111111311111111 eber 1111 1131111
111 11111113 111, 1111 1111111111, ee 1111111 11111 1113111111,
1111111111 ir, so 31111111111 11111. 1111 11111111111111
1111111111111, 1111111 111111 uber 11111 1111111111. Aueh 111
1111111111 11113 11 111 11111111 *111 111111111131111111111
3111111311 113 11 11111111111 1111111111, 111 111 111 11111113

1111311111111. 811111 A. 25 1111111111. 27 11111111-
saget. 11111 A. 28 1111111111 1111111 auch A. 1111111111 A.
31 11111111 A. 34 1111111111, 11 11111111 A.

 

