388 110001100100.

1, 90. Euat, 1100111110 1111001 1847 1. 105. 8011010101,1110010110
01110100 1857 085. 18011001110011010111101011880 0 3110011111,
Loppltudiscbe 1111110100 1886 0. 284. Thorburn, 80000 01 001 Aigion
lrontier 1876 p. 184. 101100 0011110011 1874, 11. 0110110Ιί01 1885
2, 83. - 110010100111001001011010111010101010101 10 0011010 011-
01001 vgl. 0011010, 000101 1010110100 01. 31. 59. 71. Wolf, Wodaoo
18431. 09-75 ‘Van 001101101, 0101, 1100101 0001011001 801 81011101,
11110010100101010 11 111010-81010100 1881 p. 125 01110011 1010101
110 frou 01101000 1101110110.

112011011010001 10010100010300011010130111011100111
01100, 1111101003,1071011001000 01. 61. 0111010010, 80111010
11011010111000110 1100010 mund 1890 0125 (10010100 010 10010101
10110011). 1100100,101011101111610011011864 2, 500 = Ρο11011,100-
100110 legendo 1866 2, 581. 101100 0011110011 1874,11. 11001011οο1-
1111010101101 1011100100010000 8010111000 1866-1886 6, 219 (00010
10010181000100 11010000 10111111).

0) 11011001 10110011, 001 111101 1010101101 00110010110010110
fiir 01000 1100100 0101 0011001, 10 100 11110110 1010100111 101; Ernst
1010000, [11110111 0101 die biirger 11100011001001101, 1111011 1704.
800011ος, 1011100100, 10110100 00111030οἀ01 1812 0. 290. Bartsch.
Sagouana 1011000019 1879 1, 488. Anderson, 8000000110 0110100
1847 2, 43. 1111010184. 8011010101,11110100100010100 0. 121. W.
1801000103, Wondiooheo 10110100 1882 0. 40. 0100113, 1110011011-
soher 0010101001011 1857 0. 106. 10101οΙ11 boi Vonbun, Sagen 0110
Vorarlborg 1850 01. 73 001 00101001, 81100080101101101017710001 011-
1001011126. 1885. Vol. 80100000 01011111 sich. - 1011001011
01000 1010008001οη vogel verkouft: Grimm, 11010100 11. 01 ‘Dos 111111.
81011, 11001001010 tugen 001 1001101100 0. 84. Ρ10110, 110101εο1111
1101113001 1854 01. 15. 8100101100, 1101110010 101 rogen 011101100-
burg 1867 2, 288. Bartsch 2, 480. U. 1010 0125. 80111101, 810100·
1111110010 00101100* 1885 01. 62. Anderson 2, 43. 1011010100, 11010110
101100100111 01. 58 ‘Stare-Peer 011 Vasio-Paeo. 0001111011 01. 39. —-
1011001011 goldopondend verkouit: 10101, Legenda 101010110101 111-
1110111884 2, 2781 Ι111110 8011111 - 10 001100 011. 10-87 11101101
1011 01000 10110110000101011, 01000081111101, 00011010 1011001101εο
1110 Siebonbiirgen‘ 1885 01. 68. 80111101, 11110101010010101010110010
llretugue 1881 p. 128. - Geld 100 (110100011011001 11111001οο 11. 461,
111011101101101 1. 45. 1011110010 4, 45 (1891). 8001010, (10010010 10110100
01. 1000120. 80001010, 000101 populaires 10 10110111εο 1862 p. 218
10101, conten brotona p. 85. 001001, Romania 8, 287. 11010001, No

10110 popolari 1100101011 1880 01. 21. Ε. 1011001, 800101 populaires
grecauem p. 177. 11011110, 81000 p. 181.—llbweiohond 11011011,
0011111110111011011011110100 1110100 8100111110οε 1, 802 6, 235. lli·
11110, 1001001011110110110 11 1111111110 10 01011010 1882 p. 61.

1) Γ1010 0 01101 (0101 frou) noch 010001 getulorum 100111·

 

