nr. 11 41

cifix das haupt abgesnhlagen. 1100 101 bey drey finger breyt
11010101 3011111101 11111 010101 noch 1100 11110110111300
tage, 111101110111301 und 0101 mn 111111 0111011011, 1101
110111110110111011110000111101 fornen 111 101 11101, 101101
[321] 101101110110111101001 ist sehr 1011 0100110111οη 1111
1111010110111011 1001 1101011 11111101, 1101 00111 00110111
11111101 11111101 0110100101, 101 1110 10111011011 1001011011,
111 11 001111 110 10111111110111101; 110 1101 110 1110111111-
101111011000101, 00111110111001101, 10 110 01111 gangen,
110 11100131. n

111 101 110 101011 11111 111101 11111111101111101, 1111110
11111101 101100 genehen und 110 101111011011011011100 manns,
001111 1110 0010010101011100101 111 101 8110111001 gefengk·
1101 angenommen. Die pfnffnn aber 00111 hinaufignngen 11111
10101000001011, 11101 das 11111101 01101111 011 11101100 1101101111
101 011111 11111111 101 01111 tragon. 1110011101 1011100101
50111110111101101 101 110001011 1111011011 nawen, 110
01101111 111011 101011011111011111 dem namnum, 1101111 solt
1111011011, 001101 zum 3010011111, gott und 001101 0101111113
11 01101, 1101 110101 011011101 0011 111110100001 1111101110
0010101110111100111 1111101101111 111101. 0018010111001
[Fja=33a] 1101 10111101 langen gefencknufi 1111111301 1111-
0111 worden unnd 1101111 3111111010110111011101.

11010100 1010101 111 kirchen 0101011011 bey 1101111 11
dem heyligen 010111, 110 man 1111101 1011 noch 001011 1111. 11
11111111 011 yeder'soll gott 111101 101 31111011 1011100, 110
01 111 111 111110 111010101113110001 fallen, 0011011010110111
110101110011 10110111101 000101. [111101 0010101101101
011110 10110111, 11110111013011101, 11111010 mit gntem ge·
1110001 111111111011, 1101111 sehon der 101101 1110111 0011111111
*101111 00 1011010101, 11111111 111101 11 00 111101.’ 11011,
1101111οο, mein 1101111101 companiom 0011010110, 01 0011101
recht 101010101111110 kannt vor gott 1111 101 11011 101-

1111011011. 110 nnn jn 011 01101 011 1011010001, 1111111 01
0111011 0111111811, 1111101301, 01 11111 00 im 111 1111101111

111111. 8101111 10111. 900110101110011011. 18111
1111101. 3411101111101).

 

