213

Dionysius Aseopsgiis 177.
11111111, 11111111 1. 704.

Ebur, 7111111116, 47, 60, 68, 71, 67,
104, 177, 161139, 147,167, 170,
177, 174, 176, 179, 191, 707, 767.

6111111, 6111111111 6111611111

Egon, 011148, 69, 77.

6111111, Jseob 171.

1111111111, 11111611 v.

-71111111111 1, 4, 6, 31, 66,
68, 166, 766.

- wilhelm 1. 1111111111 ι. diesen.

Elmger, 61116111 766.

lisiaro 6 [7] 86.

6111111, Heinrich 38, 49, 57, 69,
77, 174, 176.

Eusebius 118.

Eyh, Albseohi 1. 701.

1111116111111111 700.
Hellen, Johsnnes 49.

Ferrum, 6111111111 1. 161.
6111111 68.

6611111111, lohannes 35.

6111111111,111111111 [inllordlingen]

6111111111 111., 11111139, 61, 67,
168, 171, 191.

6111111111 de Senis 176.

emenus 106, 108, 111.

1111111111] 167.

Gellius 16.

611111, 11111111 177.

611111, 1111111633, 63, 73, 114,
176177, 167, 141, 147, 161164.

6111111111, 8111111116 d. 11119,
17, 16, 73, 78, 61, 63, 37, 41, 46,
47, 64, 67, 66, 71. 67, 138.

- 611186.

- Sigismuud (1161116, 66, 141.

-1111111 76, 78, 31, 38, 41, 48,
64, 611, 77, ὅ, 86, 96, 96, 104, 139.

6111111111, (11111 68.

- 61116166.

ermensul. 6111111. 166.
611111111111 194.
6111111611,.11111111 703.
6111111 veronese 16, 76, 66.
6111111, 61111111 1. 711111.

1111111, Aulon 178.

- 1111611111 196

6111111111, 6111 66.

61111,611111180.

Hebetes, Johuunes 187, 704.

6111111111, 6111171111, sbi v. 711.

1111111111, 611111 76.

61111111 1. 611111 118.

Heinrich, 1111111 in 6111111169, 73.

6111111111, Jsoob 141.

6111111, 11111111 179.

611111, 1111111117.

- dassen 1111 und 1111111 197.

Hieronymus 14, 46, 78, 69, 116,
117,]16,137,164,166,157166,
167, 160, 167, 167, 196, 704.

Hieronymus, 611111111111116111-
stetu 1.

Hilarius v. 1111111111 169.

6116111111, 11111111 16.

61111111111101111.

flinhusen, wilhelm v. 166.

Homer 60.

6111111676.

61111111 Hennes 700.

Hugo 1 Pslmu 177.

lohannes, msgisler, 116111111ῑὸ6.
isidor v. 8111111 117.

1111111111 76.
Juvenal 76.

llsisenellenbogen. grul v. 168.
111111, boreus 111.

- 6111111 111.

1111111111, 11111111 119.
6111111111, Andreae 61, 67.

 

