211

1188118381, 888162.

- 18881816 62.

Κ881881,1818888188,58,78, 1117180.

1188181, 1118811181 89.

1111818818τί8, 8188 18381813888
207.

1188181,18188881,61111811681161.

Κ8811, Ρ8181 188.

8681311113, 18188881 188 8118318-
monton.

11188111, 11181881, 8881181118
1111181113 189.

11181118 21.

188188118114, 91, 99, 181186, 160.

18818181, 18188888 196.

1188881681 68 111188 210.

18881816, vium· bei 81. 681816 188,

11888186, 8131116 v. 2.

111181 78, 177.

1881881, 18188881 183.

1888881 25.

111681, Ρ818182, 109.

Lnr, Heinrich 114, 123, 128181,
112, 148,157,164, 198.

Macrobius 183.

11ιὶ8811181 56.

11883[881188118883] 188181 58.

1111811811, 88111818161.

1181118811, 88311181, 68 8811181881

11811811, Ρ8118168 198.

11811181118, 8131181886 8, 11, 16, 20,
88, 85, 57.

Μ81618388, 88181816 1. 193.

1811118381, Ρ8181, 81116.

11881183, Ludwig 147.

11181881 68 68181888 210.

1118188168 savonarola 85, 111.

1188818881, 18188881 208.

1188118811, 88181181 176.

1111181, 11818118111811616118388]190.

11611881,18188881[1816181113188.

1118181,18188881 1. 1188818881.
1181181, 1888111) 182.

71188188811861811118 1161618318
118Ἑ818131181881 1. 11.

0861818181, 7181811161, 67, 187,
1111111818181311818861811831. 168. ,
011811, 8131118886 184.
0116 24, 25, 46, 91

881818, 11838 8 1. 11838.
Pmoun, Ulrioh, 11181811. 168, 178.
Ρ881 11.,88811 168, 171.
Paulus, magister [v. 8811111113] 16.
Pormullor, 18188881, 68 116811 194.
881181889, 10, 18, 84, 67, 78, 182,

185, 187, 158151159, 160, 168. .

Polruo 6811888 196, 210.

Peli-uu 1118188111 117, 154.

Ρ811111 68 (1818888111 207.

Ρ81181, 18188881, 18888111 58.
Ρ688183, (18813 208.

Ρ66381, Kilion, 817186118181194.
Pilou, 68813181 68 85.
Ρ111111818181, 71888156, 188
Pistor, Nioolouo 198.

1118111, popul, 1. Aenon Sylviuu.
Ploghul, 8131116 186.

Ρ188181 11, 28, 85.

Plinius 186.

Ρ18188 [1118181381] 198.
Ρ11118181210.

Ρ8331822,“79, 157.
Ρ811818118111(1818888881811181ῂ77.
Ρ881811111, 181181 120, 154.
Ρ181818118818 ll, 101.

Ρ18181 67.

Ρ1ο1181, wilhelm 190, 203.
Ρ188111381, 18188881 16, 57.

Quintilian 18, 77, 99, 160.

1186888168, 171.
1181111888, 18188881 68 60, 68, 64,
76, 82, 85, 90, 101, 187.

 

