11.. 16-16 397

21) 16666116, - 8666611166 66661616, 1116 6166166166316111, Ρ16-
161666 Theseus unp. 31. 35. 36, 666 11161 16 661 1616661166663166
Hieronymus Boner: Plutarchus 166 666 16666 666 111161116666 166166
66161161 661661666611361661666661, (1616611541 611116. 116. 111661
661611616 61116666 6616666636 611116 66116116661161166666 6616116663
Ρ16161666 kunnun 3616161, 661 666 6616 661166661 661 6616111611 61666
16616666116613 Aidoneus 666666 6616 31166666 6011666666161 Karberos
61666 61611166 6666 166661, 6111 6661 6116 116161 6616661361666161 Ρ61-
sophone 16616166 61116666.

11166 71, n 61116116 3616616616 661 116666 116666611166 666 01-
616666 61661 16 666 Gesta Romanorum 6. 171.

Dur 6. 11,11 6636166116 661666 166 66611666666 16 661 66161661
6666 661Ρ6111, Der 16666666 116166611 1605 2, 61116 8b; 131. 66166116
zu Β166161161166661111110, 31. Wunder, 86666601161161111661, 1182.
1184.

21)(161161666166 116166613611666 16166166 166
11631666. - 116661 616 661666 66666166636666616666111161166666
v. j. 1605666 1626 131. 616 6161611663. 16666 616366 6666 66616 36-
1613166161 6666 noch 661 661666661668 666 160266616166666161-
1116161 666 16116666661661 3661116166 1116311166 (6. 66 6611611661 1889;
131. 6. 11111111 066161616166666 0666611661 E. 86616661, 116116116616661.
1. 1111366611 5, 186) 6111611 66161 6116161 661166161 6616166116636161111116
66611611 166 116166613611, 6611 christophor 3666661. 6666166666
611661663 11666 166161661 616111 36116161 666 6111 16166661166 666166
wieder in einer 61661161663 666 86666661666666 0666661666 ¹): 11666616
Novella. 2661666661111611611116161166 . . . 16 1611631163 1. G. 66666-
11611616 1646. 1616616861, 1. geschichte 661 14. 1113161111 6116616
jungor 6611663 660 8613666, 11661166 3666661, 36366 6611 1166136 16
1163611666 1666161 [1666616] 16 11666 6611116661, 6166616136 6616161166
6611661616. nus 6616 6666666666666 romanu 111661 unuh 616 1161166
666 6666116661 666666116666 6166661666 666611161, 666 16 61661 11661
6616 nauh 1650 66616666666 66666661111661 066613616166161611616611
(Χ. 161. 80, 61. 1226-1276) 61661166 iun 131. 6116166666666 6166616·
66611112, 229-231 (1865) 666 Bone, Juhrbunh 161 6166616666666 6111666-
1616611663 12, 132 (1886).

11116616666611661111611866616666 6616616. 75, 1 (131. 61166 666
6. 8, 8 6111161166 116661) 616 3666611666666 6666, 6. h. 6166 6666666611,

ᾖ

1)Ι)1616611166666, Γ116661 1, 452 6661161161, Annulen 2, 305 66·
36166116 66636666. 6. 1616 6666161 661 61666161661116616116 6616666.
ln 161116616166161 66113666 61661 200, 6666616 661 18866161166;
(116 38 1166161616 661 11. 616 15. 16316111 6166 u. 1. 666 116666116 666

(1116161 0161616 66116661. (Berlin, 1166131. 6161161661( 111 1520.)

 

