Nr. 3-6. 381

4)Κο00101000000060000003060111. 80106010 01000
10000600. - [106000000ωο0 000 1. F. von Ηο0100, 160111οἱ3 000000 61-
0100100. 110001 1603 0. 116 Ι100 01000 100001001000000 006 ihrer 00·
106003. - 131. 0006 Ρο33100, 10001100. 6006. 1798 1, 118 ‘Priapi vis'
0011600 0006001000 2, 120. 80101006, Die *1600000060 8110003060·
0101010 600 1110000 01060010 111, 52. 18860 ’1000001 600 00100’.

6) 11006110101160010600613000060060030130.-
Δ630600011 601 80600103, (1000610610 600 0000000 1816 1, 160-164 006
8060011010 00. 319. (1006010, 80600010 00. 4. - 0060000101 601 11010-
60006 1568 p. 102 = oben 0. 360. 110οω011606 000 10006 Ayrer 4,
2809 ed. Keller: *1001000610011 600 6001, 600 0010 0016 wider 10600613
301301 601.’ (1060000000οη 00011001οτ6, 01010000000000 1726 006
1136 00. 132.

0) 800008106100 601003100100 0101111113οο 0006-
6000100606οἰ 10306003). - 1630600011 60180600103, Archiv 1.
11110001003000610610 6, 143-149. (1006010, 8060110100 00. 3. 1111116100,
Germania 18, 162-168; 031. (1006010, 066. 1, 359. - 0060000101601
1101060006 1668 p. 196 :oben 0. 362. 11060οη00000οο 000 11001006,
Die 10060060 006010 1726 006 1730 00. 142 = (100000οἰ0 17, 322-327.

110. 5 006 6 3060000 zusammen 010 00010110οο0 600 0011006000 ’6101
00610106131106131011, 6000001110010 100εο0300 10 dem 1010101006οη
306106100160010010000 006 8060001100, 601. 30610610 600 10. 006 11.
jahrb. 1838 0. 364; 031. 20060, f. d. 011001. 9, 398) 006 10 dem 110110-
0100600 3061061 810010 61 (1000001000 000106100 (30600011 um 1500, 00-
10101 1884 000 Α. 2000111 6003.) 000110300. Wir 0010000601600 601
8060000000 00060 000006106000 01001060 600 11011300 6000000

0) Fran 0000610300 006 60006 110100 0600 301300 10600613
30000061. [101600 010. 68-118. 1101100606, 80300 von 806100013-80101010
1846 s. 464. 100001011110110061000101600, (1001 0 1880 0. 46 ’100 1000100
00 zijn wijf 3000000610030011001 810010 61 (1000ρο1000 010. 84-60. 810000·
0010, 110111 1, 3: 80000οο11100, 600006 Wolf, 110010060 00100600 00600300
18460011 006 1100010110, 6001001 00001610000 00.106-109. 1100000·
6006, 610111001006000100600 1870 00. 70. 11100, 11060, 0000110 000000011
popolari siciliam 1876 3, 18600. 167 ‘Lu 00 (10031000. (1060000110.
Νο001110061800108101000 00. 30. 110001101, 11060 0001000001878
00. 13. 11060100, 800000103οῃᾱο 1877 p. 164. 110000, 10111000 60
pays 600000 1883 p. 103. 11000000 y 606000, 8006060000 1874 3, 82.
11060, (1010060060 marchen 1864 00. 42. (1000010, (100100 populaires 60
60000100 1886 00. 10 *1100001000 00130000* 006 20 Ι111060600οἱ 110000.
611100010οο 00010 60 10 80000-11000000610 1883 p. 180. 10001, (100100
6001000 1870 p. 85. 1100006011, Popular 10100 01 16011001613610060
1860 2, 218 00. 30 *160160000160001 K. 0111110300, Erin 1849 6, 23.
- 81011 600 6100000 060030130οε 00006οἰ01 6001160003 mit 010000 01001οι
Ζ1030010, ’110010 001106106100300 2, 414. 100000, 801010060 00300 1848

25*

 

