428

hommisskammer 191, 11.

kopff: 111111. fiir den 1110113111
= 1111111111 225, 11.

korb: 11111 11111 1113111 (11111111-
gewiesenen freier) 37,1.

11111111113201, 11.

1111111111 = 11111111 1111111 292, 11.

10131111 = 11111213, 11.

11111111 -- 111111113 28, 11.

11111111 = 1111111111 213, 1.

11111111 = crepitus ventris 13, 11.

1111011111 17811.

1111131111 11111111 werten :eine
111111111131111111111 10, 11. 12,
11. 226, 11. 131111111111111111111111
ein 3111113111 111111 81, 11.

111111 und 111111οο -ε1111111110 und
111111 125, 11.

1111111181 206, 11.

1111111611 243, 11.

11111111 :crepitus ventris 43, 11.

11111111 268, 11.

1111111111 259, 11. 11. 260, 11.

Κ1111111111111111 253,1.

11113111111 221, 1.

1111111111 noch 11111127, 11. 11111111
n. 1. 282, 11.

Kron: 11111111311111 1111111111 159,
³⁰· sb.

11ο111 (3111111111) 231, 11.

krumphbrner 100,1. 314, 11.

1111111111 = 111111 91, 11.

11111111 in 'Pyrol (wohl druckfehler
fiir 1111111111 am 11111) 14, 11.
11311, 11311 = 11311 119, 11. 120,

111. 1.
11111111 3111111111 26, 1.
landtherr 177, 11. 180, 11. 203, 1.
lenge: nach 1. = 1111111111111 85,11.
1111311111, 1111611111 von Ulm
241,1. 242, 11. 243, 11. 29111.
1113111113 2: 1111111111111323,
113381.
’11111111 = 11111 1911. 12011.

01311111.

1111311 1111111111 1. 11113111 212,
11. 131. katte.

laur: ein 11311 1. 1911. 3311.
02, a. 258, 11. 274, 11. 290, 11.

111111113111111111111 71, 1.

111111 11111 111111 1111111 241, 11.

Lech 27,11.

lecket, der 16,11« 240, 11. 344, 11.

1111111δῦ11 288, 11.

lederet 11111 311111 21111. 1111.
25,11. 202, 1.

11311111 205, 1.

1111111111 21, o. 213, 1. 218, o.

leylaeh 279, 11.

leymen = lehm 23, 1. 11.

11111111 = 1111111111 215, 11.

1111111113 3,1. 32,11. 7811. 11. 169,
11. 171, 1. 178, 11. 220,11. 11.
2211. 1113113111111111111111111111113
223, 11.

Leon: Lyon 178, 11.

[1111ρί111, der 11111111 191111. 5

letz: zur 1. geben 1081. 140,11.
29111. 23 31111111111 173, 11.

11111111 = 11111111 31111111 283, 11.

leinmund = leumund 114, 11. 111-
1111111 146,11.

1111111131 18111.

Libia 170, 11. 177, 11. 187,1. 329,
11. L. eine insol 186, 1.

[1111111831. 1921. 1111111111 18111.

111111οηί1 (τε 1131111111) 329, 11.

1111111111 -- 11111111 23, 1.

1111111 11111111 = lieb 11111 23311.

1111111111 321, 11.

1111111 1111111120, 1. 75, 11. 2621.
321, 11. 328, 11.

1111111111 = 1111111131 10311.

1111111111, 1111111111 1. 8111111111111
und 1111111113 1. vn.

1111111 50, 1. 11.

1111111111 178, 11,

1191111111 = Lysimwhus 213,
1 1111.

Livius 8, 11. 130, 11. 262, 11. Titus

 

