111. 49 315

mynden 0111 3100000 11011100 001 1101110100 11001100 101100-
1011 0001 0001 1001 000110101 110110 wider 30101100 010 000111-
11010110.

11101000 so 001000 urlaub alle 1110130, 11101011, 3101100,
1111011101 101100100 1010 01100 11013 Μο001000, [reeb] 011011
1010111101110110001 101001100οΜ010011110 001 00101100 ’
0100100 010100 103 010 30101 100 0010 10110130. Anah 00
1101011001οη1 1101113001 0001110131110100 11111100 0001
101 landes 110001 01001000 3010301. Diae zwey 1101101001οο
101100 so 1010111101 und 1011001113 die arete 00011011010-10
00101, 100 110 0110 0001 senene Mareebilla 10 101 00011
0011100301 warde, 001 10111001100 0100 1100 000111011 11011100,
111 101 helle 103 00110011.

An 000 10100101 103 1100010 lien der 111013 Menelaus
1001013001000 01011 'Phunys mit 010010 herold 0011111100, ra ,
11010101 111101 11011 010 00101 0011100100 0001 stechen 100
110300 00111000 1101100, 0001 junekfrawen, 10100110 0101 suff
110010011οη 1011130ος 10 1111110 1111011101 3001001100 werden,
1010100 110110 101 111013 100 'Phunys 00130100, 11010101 100
1001 11101 100 1011111010010111, 101 001110100010 0011100 1101· re
1000001 1010000ἰο 0011000 001101; 001 11010101 100 1001
[1550] 1101 00101100 01100, 1010011010100 010 0011000101
00100101000130010001111111 darauffr 11010101 0101 10010010
00101100 1100011100, 101 00110 10100 200 3011301100. 110
001010 war 100 101 3001000 01011 0111 0111111 110100101010 001 aa
010001 101011110111110101, 10 01101 0011 010 1031110101, 0001
1110100 0101 0100 111 3101100, freyen, 111101001 11000110, 101·
10010100 0100 010 10101, 01 110110 100 10010 11110.

Es 1011 0101 1011111013 Menelaus 100000101 101 1100110011
0100110011ογ 0100110000 101101 3100000 01011Τ1100101 eine, ee
101100 selben 01001100 110 310100 0001 111101, 100101001010
110 freyen und edlen und in der 1111100 110 gemeyne 10111101
001 11000110. Dise 0100110000 waren anff 010010 0011000 3111000
0030100130001110300. Darbey 1011101 111013 0011001 1110001
awey lassen 0100110ος 0011 1010 01000 so 001100 01010 110 111013 01
001 11110100, 110 1010010011οη 01100100, 000100111οω 0010100

30 Thana BQ. 31 Saehan 110.

 

