215

80011616, 11111611. 141. 8616116, 191601661[1.16611616]57.

8061060616660, 16166600 68, 196. 801616, conrad 177, 179, 181187,
1101010666, wilhelm v. 9, 82, 88, 202. ·

86, 58, 66, 88, 167, 168, 170, 205. - 8106166 187.
Raima, 10166600 1. 169. 806060 46, 79, 186, 161, 162, 208.
11160101, 111616614, 6. 866006061616, 10166601 8.
1110110101, 1111161 85. 8066101666οο 194.
1101766666 169, 192. Sextus 116160 84.
1101611101 0. 86161601. 86616061, 0110 1. 169.
1101, 16166600 76, 96, 135,157, 86106601, 16166600 61.
158. stamheim, 110161101μ v. 198.
1101666061, Hieronymus 15, 28, 86. 81060611, 006166 111.
1101010116, 8611010606, 0161106101 8106166, 6111610101, 0601101101 [1.
1. 11610666 15. 1161061616] 187.
- 11010610, 1106101 1. 1011010168 8106161,111601661 [1.811611016]187.
11661661, Andrean 2. 8116600, 00016179.
11661, 10166600 118, 178. 81101, 016 1660161601 206.

8661006, 1011660 106 ’16660166 170.
- 11110611 168 ’1016116 10, 19. 85,58, 94, 98, 104, 107.

- Ernst 168, 178. ’1011011660060 171.

- 6111616106. Thomu 60 Aquino 122, 211.

8616661, 11011166 58. ’111061 1100161ον06

8611611 18, 88, 45, 182. - (10016 86611 116.

8616,1660188, 101. -101666 8166611661 0. 610006.

8616661616, 101011. 8, 41, 109, 11101, 10166660, 0111106101 v. 168,
117, 128, 129, 145, 168, 168. 192.

8610601, Heinrich 54. 116010610161160096.

-, 600006 1166 54, 147. 11601, 10166600, 6111 1616660161

- 8011616,1101166660 0611100101- 166.
kind 202. 1116101, 10166600 186.

- 1101660 7, 12, 89, 71, 75, 84, 94, - 811160 208.
108, 107. 112, 125. 177. Tyl, 1116016166 198.

- 1161161666 6, 11, 85, 89, 58, 59,
68, 64, 70, 75, 76, 81, 84, 80, 92, 1116101, Daniel, 1616001101101 16
94, 97, 108, 105110107,109,111 1111161016 185.
110118, 125, 145, 146,164,165, 0101011, 10166600 62, 87, 89.
166177,180,184,185,188,198, 11116616, 116111160, 116616 v. 51,
195, 196, 201, 202, 208. 168, 171.

- 16160 1166 208.

- 10166600 7, 12, 40, 71, 85107, 1610611660, 1160116101[1. 1660-
125, 164,177, 178, 180. 16161] 165.

- (10016 71, 75, 188, 196, 197, Valerius Maximus 42, 58, 77, 80,
208, 207. 176, 179.

861111011[1. 1101061616] 187. 16116, 1661661160 157.

 

