Ἴ200 11001111011010 11.

mich 0110 0100111ος00 lamen? Und 00 010001 100011 0011100111,
00 00110111 01οε ‘Seblag 1101101 Wanu 00011100 10111101 101001
0011100101,00001110010100110000 110010.’ [)0 0010100101 1
mann, 0010101 011 von gott 101 3000101100 000 00010001 001-
1000, 1001011100 11010 0101 1100, 0010011 100100 10 in 01101
101101 namen 011001 00801001 3010000011 11100101 00101, 000 ¹
er 101 0011101011, 101 sorg und angat, und 1000100 0011101110
zu grund und boden gehn, 00110 000 1001100 10 0101110100 000
0111010110 001000, 0010000 000 100101 10010100, 000 man
1100110111 ‘Ja‚ 1011 010010110011 00101100, 00 00111 10000 bey
ir.' Oder: ‘Wer er ein 11001010110000, 00 1101001 bey 001-
0001 00110.’ 101011 00 11000000 0001 0111010 000101 1010 001-
1110100 000 sagon: ‘Ich 0011 ye [28³] geren 111110, 000 101
00111101010101 0001011 00110), 0000 001 10010 01000 0001
011101, 000 101 00110.’ 0001100001 0111 vil 0011000 1100010101
1101111100 001100, 000 01000101, 00100 0101110001, 001 00110111,
00 0ογ 1110 0100. Ο,11110110 101 001101101100 0110 10100100
1101. 1111000 26. 00011101 110 00000 001001, 00 01101 0010000
010001011010101000110100100 000100, 00100300 010 001000-
00110011000 010001 11000 0001. Unnd 1011 0111 manche 011000
gruud 0000 10000 gehen, 001000 weybdem manauit will
l'olgen. 00, 0000 00101000 0011, 000 010 wider 01111101, 00
0010 001 010 ding3 00101010001 0101010 0010000101οτ, 011-
1000101000 0010, 001 000 00110 von 010001 00010 00011 und
1000111101 bey 1111100101 000111 001011 111101. 1100111001 0100
11, 010 101 daun selber 01110110 0011, 010000101οη 1100000 000
0001100 0000 100000 0111000010 bey iren weyben ligen. Nein,
110100 0001, 00011 0010 mann 001100 010 0010101 0010110 0010,
00 1111011 000 nicht! Gedenck, 0110101001 00[281]ςο1; *11011
³0 0000 010 1010 0010101010 schamhafftig weib' 010. Du darffest
0000101100001100, 0000011 00 011 10100101 0000 1110 00100

1100110110118 8010110 010 hye 001 000100 0000 001 10100.
Was 1101010100· herr, als 01000 10011011, 00011 000

1001101100 000 000100 0111110000 1011111100 gesallen? Ηο1
35 er gentlg 00 0001, 000 01 010 001100 1001 11001, 0010100 001

[10010101 1011011010 0001, 000 man 0011110, 110011, 100011, zyn,

1 00 0101 B.

 

