1163161111.

5656161115 35, 1. 40,11.

Barbaria 329,1. 332,1. 333,15.
334,1.

5615611155 = 666 86156116 3311.

5615561 231, 11.

8611551661 [163] = 21. september
231,11.

116661 34, 61. 75,1. 244, 11. 285, 11. 16.

= 561165 31611. 39,11. 42,11. 48, 15.

217, 1. 65. 252, 6.

5665516116 227,11. 267, 11.

barren: 5611. 36561165 6, 1. 6156665
= 615661350,11.51161566611 142,
11. 16156665 = 1615661 15111.

565615 61511 5661151636 3665561161
616 1116561361 11, 11. 32,11. 211,

11. - 131. 8658111511, Weltbuch
51. 4761 ’51151661665 ein 615-
1111113, sunder 615 wilci, hinder-
116113, 6536165151 651511Ι [sind

die 5666151. 7115111651. 11511116-
365511551615 51. 22.

5616165155151161206, 15.

5666111651 61 5511611 6155 73, 11.

1163561166 80, 11.

56561165 = 161165 64, 11.

56565365 = 565365 5161566 132, 1-

116511613 258, 11. 347, 11.

8651615 weil = 511, de die 36-
16116565 165665565516 51511515-
5165 332,1; 631. 11666 6. 416.

56555561312, 11.

5655511565 :begegnen 15, 11. 40,
16. 241, 16. 288, 16.

56165365 = 1611653511 6, 11.

56165165 13811.

561165665611 31, 16.

865616, der 6551516116 230,1.

565361 oder 115111161 661.

berei: 661351166 b. = 61116 36·
16165551239, 11.

56111 = geberde 76, 11.

86166 = Bern 144, 11.

56166 = 65516355 32311.
11613 114,1. 158, 15.

419

561155165 -- 551611155165 92, 11.

86111166 (161561551565 = Perillae
57,11. 58,11.15. 531110. 68,11.

8611655, 51611 15 56365613 24, r. 11.

Berlin 205, 11. 11. 206, 6. 15. 11.

56655616665 -- 56116365 23, 11. 24,
11. 62, 6. 240, 11. 11.

56655616661 = 56116361 19, 11.

5666561616165 22, 1.

5665515165 121,11.

561551561656 15661 = 7171351 51161
8565565 139, 11. 140,11. - Die
565655653 1165516 66611651 11166-
61615111656 5616165565, 65 116
65651665 Ι156516 firme', 116566-
61655 ’1616 ferme, (16111655 (116
Ι566551566656Ι 51161 Ι1616551511656
15661· 561661. 85561163, 0665515516
dee 1515656 l, 338 166511651611
116 5111 der 15161 5165ς1155556661
1116 6561111556 56161555653 *1661-
1656115161 551 651 1153161165.

5666566, 1155 = sich 65166565 7, 1.

beet: 1166 5. 15115 (im 1515161) 87,
11. 97,11. 1531615. 31511. 31611.

5661611653 49, 11.

1166111165 = 5661611365 324, 11.

56616565 = 61616565, 5116166 141, 11.

566161165 = 566161165 162, 11. 56-
61611611 186, 11. 15. 298, 1.

5661155553 = 65655565 333, 1.

beth: 11665. 1116551 55, 1. 731.
1116516551, 016 1565565116 5611-
61611 Germania 24, 21. 417.

Bethania 272, 11.

561516365 306, ι.

56161611615 ε16565611104. r. 250,
11. 251, 1.

5665156561165 819, 11.

5616616651 5611. 56116101 244, 1.

5611656653 223, 11.

56511011 5115 6116 b. 119, 11.

bibel 7, 11. 8, 16. 164, 11. 171, 11.

111116Ιοὶ1616 16, r. 17, 1. 1. 18, 11.
42, 11. 46,11. 67, 11. 70, 16. 74,

27*

 

