436 uegistor.

Sundgsw 1111. 80110011 (wohl iu
8011030001 zu 01100111) 831, 11.
8000110100 -- 8011110100, 00110110-
lich 1011 Kempten 219,1. 11.
Susanna 18311. 34011.

Sydraeh 133, 11.

1000100326, 1. 327, 11.

tantu: 101101010001110011011101101
1. 92, 11. 110011611101101 1. 93,
2⁴. 18.

10130101001100110 des 1110010011οε
253,11.

Tarquinius, 11110110 Neapolis 297,11.

1010111101 202, 1.

10000001101111101 341, 1.

1010110011 00110101301100 = 1101-
10111 2401.

101111ίηὶ0100 240, 1.

10110110, inse] 329, 11.

1011100110 11011011 deu 1101111 192, 11.

181 211

1111010300 249, 1.

111010311011010113 121, 11.

1110010101 253, 11.

1110010310, 11001329, 1, 11.

Theophilus, 1161113 111 (10ροοο010
253, 11.

Theseus 68,1 u. δ. 69, 1. 70, 1.

Tuitus und 3111000071, 1.

Thomu: 301101 1., 0111101111011111
3100110101 140,11. 141, 1. 11.

1110111111 = bonuaso, 1. 11. 63,1.
65, 10.

11101011 = turm 194, 11.

Τοο100,Τ1101)100 74,11. 1321 bis
11. 222, 1. 11.

tud: ein t. 1015111130οΞ 1010011103
26, 11.

1100010 Wuyds = woiwode Drueul
57, 11. 131. 010 enm.

1113001111111, 1111013201. 11.

1101001101 = 1101111011 147, ιι. 1101-
100111011 332, 11.

1101101 = penis 282, 11.

1101110111 impf. 1101110204, 11.
Τ1101· 178, 11. ,
1111110111 (roman) 8, 11. 136, 1.
11010 136, 1. 11.

1161111011 = 0011301001 49, 11.

110010010011 277, 11.

11000011010101314, 11.

1001110101 0111 1. 1103011611. 181, a.

Thunie, Tunieii 297, 11. 29311 u. ὃ.
101101 801110 11110110 319, 11.

10011011 316, 11.

10001103000110111011 6,11. 116, 11.

1011110, 111001 322, 11.

Τ 1110110 67, 1. 331, 1. 11 f. 332, 1.

10101101τ 1011111 110, 11. 10101116
313, 1.

10101110101 1101101111 Algery 127,
11. 128,11. 14311. 1010110010
3001 159,11.

Tyrol 14,1. 2631.

uberhupffen 163, 11.

ubsrkommen = bekommsu 16, 1.
63, 11. 283, 11.

uberuemen: sich 0. eines 0111301
= 01011 0501110500 177, 11. 11.
333, 1.

0110110110οι sich u. = sich zum
schreibeu 1111001100 300, 11.

0001111100 304, 11.

0101111030] 2501.

Ulm 178, 11. 211,1. 11.

0111110113 = umarmuug 87, 11. 11,

0011110000 119,11. 121,1. 188,11.
317, 11. 347,11. 0110000

0011111103οη (die 1100111101) 348,
11.

umbsessen = herumsitzende 156,1.

0101010110οτ -- 110101111101101100 157,
11.322,1.

1110111101, 0111111011; 01110 11011111-
11108311.

und (100 = 0000 53, 11.

000011101011 = sich 0010111011οη
1031. 333, 11.

 

