434 1155515155.

5511151551 = 5515151556 201, 55.

551511155515 120, 5.

8515155511 5556 555551 (J. Paulis) 8,
55. vgl. 5555. zu nr. 18. 46 und
511 5. 196, 55. 282, 55.

5515156 515 gar 21, 55.

5511555555 37, 55. 55. 55. 55. 88,
23.

55151555 = 55151555 58, 55.

schlepsaek 209, 55. 294, 5.

5515115155ε5515165155 15551551515115,
5511151155 27, 55. 64, 55. 245, 55.

3511665355 = 3515155155 280, 55.

3511665355 331, 55.

5511551555 5155111555. 48, 55. 49,
55. 51, 5. 173, 55. 261155. 269, 5.
235, 5Ι 55.

55111555155555155 Darbey bleybe es
62, 55. 198, 55. 203, 5. 269, 5.
289, 55. 350, 55. - 7ο5 dem ge-
niig 18, 55. vgl. 67, 55. 296, 55.
328, 55. - 1155555 warne 51511
515 jeglicher selber 47, 5ο. 5551.
215, 55. 216, 55. 218, 55. 238, 55.
240, 55. 275, 5. 204, 55. 350, 55. -
11555511 515 5565 823, 55.

5515555511 5, 55. auch geschmack
1.- geruch) 5, 55.

85155165 1155,5 8., 15111555 5511656-
lingen 42, 55.

5551515555 = 5551551555 102, 55.

5515555155 = posse 172, 55.

55155511 = 1555515 822, 5.

schamen: ein 5. haben = 55·
5515555555, derb 5515155555 49, 55.
263, 55.

5511551155 = 5515551655, 11551555
228, 55.

551555551555 11561515 93, 55. 99, 5.
55. 55. 129,55. 268, 5. 304, 55.
384, 55. - 5. 55555 116, 5.

5515115, jung und gerade 63, 55. 55.
vgl. 550 655 55555555.

361511551556 136, 55. 85151115561
188, 5.

5515511555 impf. schn'be und
5515551155 313, 55. 55.

555555115655 im 1515, obse. 287, 55.

55165115 515555 515 5. 55311555 --
655 5551535155 615551 55515555
103, 55.

55151615555 339. 55.

3511555555, 1151551155 5551. 615 5115- 1
15115555. 5. XIII-XV.

Schwaben 285, 55. 331, 55. 1

5555555555 555, ... 1

schwanek 3, 15. 169, 51. 171, 15. 55.
172, 55. 204, 55. 1

351555155515 56, 5. 55. ’

551551555555151, 5511 dem 5. 5151555
326, 5.

3515555655 46, 5. 188, 5.

schweigen: imps. 5515558208, 55.

3515515555 gen S. gehen = 515
5155655 leben 11515555 13, 55. -
vgl. 11555 355155 5, 293, 55 ed.
Keller = 2, 121 56. ’111155555 :
‘der 1551 1555 15555551 5555
[1511511558556 [5511155511 35155551-
55551.

3515551555 331, 55. S. 515 55155155
1515151553515111 192, 55.

35155115551556 145, 5. 179, 5. 285, 55.

85115182, 5.

85511 211, 55. 55.

Secundus von Athen 208, 55. 55.

fle hin 55, 55. 56, 5.

5511555 227, 55.

55565551151555 153, 55.

55565551515155515 201, 55.

seydiin 0651111211 217, 55. 231, 55.

55111551---551115132,5“Ι 43, 5. 135, 55.

55115555 = 551155 129, 5. 140, 55.
277, 55.

5555155555 198, 5.

5511111555, 655 -- 5551555 13, 55.

Sibenbflrger 381, 55.

Sicilia 313, 55. 318, 5. 329, 15.

31511155 322, 55.

Sidonia, Sydonia 135, 55. 190, 55.

 

