111. 3616166611 616 6616116161161. XXI

1111611616 16 616 661616 36366366 161, 6666 6166611 die 61116-

dung der ersten 116116636661161166616 11636166661661666 6611161,
6131611 6161 1616111 666 61661 161316161663 661 1666166166
6111666 1661111611 Schmidt (Archiv f. 11136661. 8, 382-356)
11661161 666166161166 romanon Wickrams.

Der 1616 161 616 armet 111161 6661 616 6616 incognito
611663 1661161166661111166, 661 661 11616666 11616 616 11616661
1116661116 6111631. 01666 1161666 616166 66111111 666 16-
66161661 ihu 66 66111661161161· 6616661661 16 616 1161116161 ihrer
661166 666 616116 (1161116116, Μ6361666) 6661 an 616666116116
garten (Galmy). 111161 616111166666161161163161616, 6611-
6616 auch 66 66116166366 666 1661611, 6666 6166161666161-
leuben 1161666 6616611611 61 6116161 ι616 616 6611166 rosen*
(6. 90, 1616616 1611613611 6116 1116661) (90, 16 131. 221,1.
26116). Noeh 6661611116161 6116 3666 661631661666 6661
611116161161116166 166616 ⁹) 61616666616166666 661666 16631166
16661116166 (91, ns. 300, a), ihr 6611661161 66616, 666 16636
361616116161, 111666 616 616 66661 (156, 11. 320, 61), 666
111616 (116, n), den 111166 666 16666 3161616666 6611116, 616
11661166 6661 6616611666 11631616, 666 6616116 6161616, 661 ru·
1161616 mund (99, 1), 666 66161616 11166, 616 6616666616666
1111616161 1116661666 161666161661611631161 666 6616666611·
1161, 6666 jeder 616 616661 66361 316161 66116161 (180, ι. 90, ιο).
016 6616160663 661 1161661616666611611 11131 316161161169171611-
16616 61616361. 611663 666 1611161 Veneris 366611666 Cu·
616161631611ς 66116066 6661 16 661666616366 11661666 161-
1116366 616116166666, denen 666 61161116, 6661611616 3111611
616 161661661666616 61611 361161, 616 66611 (94, n. 96, ιι.
101, 1); 661 11616666161616 61111 61616631166616616611113 66
16666 (103, 11. 122, 61. 180, 6); 6661161 616116166661161666
61616 6166 61611136, 3666 66161161116, 6166 166116, 11666 666
61616 (116, u), keine ‘unordenliohe'. Auch 616 61636163166
661616611166166366, 616 166161 6616 66666666136636 361166,

119311111611661161116116661 nr. 108 ‘Das 3611166666 1661 auch
1611166616 16111616 36161611 116666 16616 6661661661611616661 (8661161.
161111166616660161166666 18816. 011). 21 616111 Schultz, 066
16116616 161661 1, 212 f.

 

