XX Einleituug.

351, 1311311131 3131133511131111113111311 1111 215113 (1721.
171, 11. 131. 31311 269,1. 297, 11) 33351 31131 ι31131151, 151
11111 115 11111515131 des ersten 1111 131111115 gemacht 53113;
53 35131513511111111 ι31355 bosseu' 11 jedem 13113 311531151
(11. 3. 113. 16.17; 27. 36. 37. 4516), 5133311311 (171,11)
111 2. 531131151 513131131 131 1113331111111131 15111511-
335511(11. 23. 39. 51), 313531 131 13111353 (26. 32. 34. 44.
47-49) 1111 11311351 3113 533331 111 1111111511133 3551111113
(24. 25. 23-31. 33. 35. 38. 10-43. 59). Es 1511113 sich
iu jener 1311 5115 331353 311151131333311315311 3351 wohl 1111
51131 35311151 311111353115531331351131113, 1111 11315131551
113511111 1131131133 151 armen 131131, dem 3311 1151113133533
111333333513111111111131111 1131131 3113, 113351 33113113111151-
3531 515313131131 111 331131 5131151 111 115135113133513131
113131135531 111111131111331 513 311131 31151133131131113135151
511113151151, 1511311135 5135 551 31131351333111131 133311
531131111 3111133531 11335131. 1135 33115 11315531335113111151
1531 5115111111115511 3131 1111351133 1131551 511113511315
3113351111113, 1131115113 531311 33151 5311111333 33 511131113,
1111131 115115 3135 1131 5515313 111 11351133 115131 111
1111315, 3311351111331131 113153111331 311111 1113511 511113·
13113331151.

3351115113113513111 131 1531 nauh 5111131311 115115, 313

51333 3111 1155551131 11313 111 Μ3113113’ 11 11513331. Wenn (

3135 33531 11131131 513531 3311111151 51115111331 manche
1551131 5331111 153 3351511133 31555511, 33 335111511 5111
111311 1535 1511 5311113113113151113 131 1111511311313 dus
13531 11553151 33331135531131113113, 531155315111131331335113331.
33531 15311311133 3351111331 133 Julianus (nr. 14) 335111 11131-
551, 1335115111 131 durch 11311335 111311531511111 51131131-
33551 115111113 1511511131 3331111113 Theseus (21), 151131 1313-
1133531 11131 3111311315 Lysimachus (39), 13111151113555 Ρ53-

15113 (13),331113113111311151 (23 Ν531313513ς 51 Ζ31353531)
3111151311311311133 13155131111331 111 55351535311351131, 1311
131 3115113311333113351 51111113 1113313115131 1113131. Am 1151-
3131 33131511155111313311111311 311 115 513113133133151 5311131
1135331311313 131 christoph 111 Verouics (11. 22) 111 131
Florius und 11513351113 (19) 1311131131. Wie 3551315131 551

 

