Nr.9 33'

der 18811811 188881 181, 188 818 388888 881 88188888 883888
1118, 8811811818 8881 dem 818188188. Nun 1811 188 18811-
88888 818 181888, 11818811 881188888888 388 881881881888.
Wann 1888 188 1881188888 811818 1818188 war, 88381 1181818
81188, 8888118 1888 11818881 8888 818118118888818818. 11888
8831818 1888 dem 1881118888, 88888 88 wider 1888. [18818881
1888 1181888 81111888 818181888, zanek 88118188; 1888881
8188188881181, 8818 818 188 883818 8818118118888888. Nun
8811 818 8881 war der knuffmnnn 8188 88138811188ς 18 88118181
11818888 8881 irem 11188, 1831 mit im iren alten 188881. ιο
1188388881 188883818 ‘En-nn, 181 wil· 1888 18888 88388, 88
181188 188881.ἱ Durum 118 18888 8818 18888813 war [241]
8881 88881 mit ihrer 888311 8188, namen ein 181881 118188
81818188818, 1813888 8811188 boden. Nach dem die 81831
mit dem 1811 8811883 88 88888818 8811181888 mit wasser 88 n
sprengen und zu 3188888,188888188111181888818181818 8881
8881188 88881188, samm 88 183811, 318181 818 8888 818 888118
8881188.

118 888 1881888 haym 18888 8881 81118188 18388, 11883
118 1818 88 881 8888181 81188, 888188188888 1118818111 18188
881118 388811. Das 188 1881188888 81188 3188181, 188388 8818
88811 88 schenden und 88 88118388. 1188888818 ‘Wns 3188181
18 8881888 18318888 883811 181881881 81188 8818388, 8888
18818818188381883811 8838 88, 1818888 8818881888, 8881118188 -
183 181 181 mein 818 3818881881 Der 88381 88188818 *188888
18 81811, 18 188 88811, 1818838811 8881188181 3888888 1’ ‘sine
888, mein 118188 mann, wie 88188311 1181811881 nye 1818
8881188 38888888, weyl 181181 8811 38888888. wilt 18 188 811
glauben, 88 1883 8118 8881188888, 81 im 8118188 sey? Der
kanffEjn=25a]man 188381 818. 88888188 8188118, 818 8888188 8ο
8881818888 8881188, 18 188 1881188888 8818 888813 88881, 11811.
heym 18 88888, nam 8818 3118 181888 8881 8111118 1881811
81, 8888883881, es 181 188 88381 3818388. 118 8888 8818881
8818 881118188388, 118188111888881 118 1118888 1888188,
8118 818 8811, 818 1181888811 188 883818. n

12 1888813 888818 Δ. 1188881838118111. 1088811811.
24 8881818881. 27 3888811111. 30188381, 888888818881181.

sunum-nn 3

 

